0.33750036847989007
0.4622982714324911
0.36289713628767284
0.5568944288108191
0.6423999038550933
0.4306021981809565
0.49419615828535535
0.6193976884406158
0.5574976020462539
0.6561028206285247
0.5039988571454487
0.5584998673472396
0.4853004868469686
0.6414996791390496
0.5479035194931531
0.5453978562406888
0.5669964467200754
0.5117992929721248
0.5631937342545709
0.5032981784621804
0.7455992163283076
0.6211051675619783
0.20109931723510832
0.3339017371842694
0.3543007838984492
0.23969786916582955
0.4972959244990374
0.6022049836621686
0.7130958886714542
0.6119079095058741
0.5329987913859606
0.8532021469339072
0.6598964628198122
0.4916995653071081
0.5320985666699168
0.5440985394590941
0.6915041008977304
0.6003002260765848
0.5211960970610044
0.7282001628114222
0.6150008730138934
0.5509012451218932
0.5985972820923309
0.46999666667422524
0.5421053466998941
0.5713977972839064
0.4837018510162108
0.641000814057111
0.2995956925267743
0.36189713855524136
0.5257969936576108
0.6971979655374931
0.5904000217686581
0.6659984897993428
0.5807016310620611
0.6982977362863123
0.6776016380915236
0.3702962124802438
0.5910009274355387
0.7125924884524072
0.516595200464398
0.6144997403634005
0.6447967238169527
0.35779737460912786
0.726998351477661
0.5657991705234229
0.6594021328749822
0.47639801270291904
0.4227949596486176
0.4651009861655642
0.5947991047639348
0.6245042528248236
0.6420008117895424
0.5278990297074156
0.6579010024920579
0.6158988301613828
0.2185029058891023
0.7686989371906187
0.7063952235935973
0.648894220194512
0.7862045664295546
0.5860984442212149
0.6088988460343627
0.6806946015995429
0.5336972025006747
0.6049963605524704
0.6206970052222104
0.6862025256178558
0.3283960807345108
0.5024977267625244
0.5898013836703319
0.5634975884408425
0.545697175289852
0.37270210271632037
0.5523003349198755
0.5680984850374489
0.5553048632542783
0.4771009589547416
0.5863002578225446
0.4408969594173256
0.6910007006786832
0.5635996290257845
0.4025954589672132
0.650597164178766
0.6149010999975056
0.7338985625882934
0.48929594263958587
0.4155976970573763
0.668102793417702
0.5046972682601627
0.12869812086593907
0.760596914746225
0.5555996471663329
0.6918963902576185
0.38109890907276855
0.7210006326516266
0.6240008526057764
0.3799991383239494
0.4409967324337133
0.5223979083947655
0.7053952258611659
0.4426021709701339
0.6369962879902766
0.6253954072666502
0.6377015018106534
0.6192979154242281
0.6512978428620343
0.5055997605447606
0.6176992795934703
0.6021006755086723
0.719905397039916
0.5942979721134419
0.5011009045330963
0.620302448293768
0.7053929582926116
0.6334951621424895
0.5859986712048272
0.30019886576220917
0.2811966412774574
0.45010102017909254
0.5361960630474761
0.7574994161010973
0.566098489572586
0.622098362588747
0.4954002371876708
0.540001043081535
0.5334976564678992
0.4838016240325986
0.622098362588747
0.7195947401479815
0.5163956544316226
0.7196990483014778
0.5688014312892714
0.6826945970644057
0.6185949691724055
0.464298266897354
0.7015993161013241
0.7074972619109707
0.41830744147972454
0.4486973952440017
0.6021981809565058
0.5390010453491035
0.7868939072700516
0.613796794111578
0.4840034376339283
0.7406990006825381
0.7005970508003383
0.6417967306196585
0.6118013337838236
0.538205128786556
0.5136927127149371
0.6461028433042102
0.5171983736998329
0.7198010888864198
0.39719411067095084
0.5650009863923211
0.7230028956850438
0.6087015675701416
0.6815993614526952
0.5579012292489133
0.6107968009142837
0.7372976478511386
0.6700982537454564
0.5784975544273142
0.16709939433243914
0.46209872539971564
0.7282931331221472
0.7303997043090605
0.5418944628243474
0.5804975498921772
0.5878013882054689
0.5211983646295587
0.4634955476291437
0.5263956317559371
0.7922997907034225
0.3964979671247911
0.5394999104310421
0.6555971528409232
0.5214999512472761
0.5796970981925211
0.5678966714361192
0.45889465103253735
0.5880984396860778
0.5793955115748037
0.5491007956898057
0.5044977222273872
0.5824998129255943
0.5332051401243988
0.5851936843680626
0.5075997560096236
0.6952002376411844
0.6246992637204904
0.5739964308470956
0.5395996834474298
0.533998789118392
0.5204047156355655
0.7083997541955687
0.5624000852605776
0.7624994047632545
0.5002006798170525
0.6676991662150425
0.6112979335647765
0.5487992090720882
0.5275974430896982
0.6735971120246893
0.7225992684823844
0.5888013859379003
0.48540025986335633
0.5852004870737254
0.5217017648486058
0.5169942925299489
0.5978988709776168
0.33739832789494806
0.641597184586883
0.6698987077126809
0.5184908877757647
0.576000961449067
0.6330983376454928
0.2685027925106746
0.5499964852687409
0.5321960721177503
0.7415969578300275
0.7585946517128079
0.5054024820805395
0.6210960972877613
0.5147017807215857
0.6817921047798078
0.6321958453608949
0.8208960977412749
0.4325953909401566
0.6378965127063204
0.5149965646336403
0.6554996473930899
0.46609871632944144
0.5082029292450584
0.4950011451221199
0.768302112693622
0.49060206212684326
0.556502139450931
0.7415017199507484
0.802794097972567
0.6339033244822574
0.6213999514740329
0.5913977519325353
0.5810916528533949
0.46600121088160795
0.4884909558028213
0.745304432416253
0.6958986487558985
0.46259532291309996
0.49469502336729393
0.6273001648522339
0.580794601372786
0.6171958793744232
0.6854995793660332
0.3971963782395051
0.5648944106702706
0.5206972319790658
0.49239797642182215
0.6899984353776976
0.667898712247818
0.4459989886644248
0.612102920401541
0.34809898390253086
0.5771007321978862
0.6043909197484812
0.5378967394631758
0.5952979698458734
0.6690982560130249
0.7190051723238723
0.5665973546545245
0.7869982154235478
0.6377967396899327
0.6141981537456831
0.4478992111129
0.7131979292563962
0.4941984258539096
0.5191983691646957
0.5070056530484058
0.5420940088571228
0.6383976453568132
0.6411958249527779
0.47760435917378874
0.7452001242627567
0.2201990471676935
0.538996510211995
0.6475019331021925
0.6571980562402353
0.4523005616767309
0.6429962743848653
0.5669941791515212
0.7113022419450296
0.6358987848100117
0.6347060437504677
0.5354001464849286
0.731195620871608
0.6125065476042004
0.6394021782263533
0.5035022596320643
0.08980024988605469
0.5047993088451047
0.5558944310783875
0.5706018807213589
0.6826016267536809
0.6123024664343165
0.7446014861644304
0.6042004439899229
0.3596000916097696
0.4900011564599627
0.7241979043131421
0.6750007369597801
0.7730980201858952
0.24659808027646196
0.5386019532835526
0.5050963603257136
0.35919873197566443
0.6044022575912527
0.675297788440389
0.574093936294929
0.6046925063661988
0.5853002600901132
0.4553980603218587
0.688597078011161
0.8008938755240917
0.5038015786812274
0.4794002734687676
0.8299913152124372
0.4404048970410498
0.659495103185707
0.5652935027358215
0.5370010498842406
0.45510100884124977
0.801696594792302
0.6802025392232671
0.685497311797479
0.5536971571493036
0.6028988596397741
0.5633978154244548
0.4904025160940678
0.4801984575998694
0.420704261441584
0.7747964290330407
0.38970206416765496
0.43179720680905487
0.635492890038798
0.5014999965986472
0.49879705488196174
0.5948988777803225
0.7767986920664579
0.6025950054535024
0.614102915866404
0.5863002578225446
0.6340008299300909
0.5854000331065009
0.708896351708953
0.6755948399209979
0.5004977312976615
0.691594803639901
0.6028943245026656
0.33999469388958303
0.408298393881193
0.5311938068167645
0.42369745193321556
0.5265997129258211
0.5196972342466344
0.7072977158781952
0.5913002464847018
0.6830959566985109
0.6085995269851996
0.6485949011453489
0.6604951009181385
0.6290960791472128
0.3544980623626704
0.4961009158709391
0.8208938301727207
0.6475019331021925
0.6412978655377198
0.6359962902578452
0.6472955843637542
0.7743950693989357
0.5470985326563885
0.7165040442085165
0.5243026659803492
0.5313978879866486
0.608799073017975
0.6732932578384176
0.6246947285833819
0.739803311103603
0.508701794326997
0.4890986641753647
0.7100981630427142
0.704996133795615
0.6507967102115415
0.6436017151888545
0.5644046158625491
0.5377969664467881
0.8420003582758315
0.6631005371869905
0.66699621996322
0.46550234579966937
0.5908988868505967
0.5278990297074156
0.5694998424039854
0.5459035240282902
0.6213976839054787
0.48949775624091557
0.5024954591939701
0.6469962653145911
0.5220010838977689
0.22630107414722417
0.7404019492019293
0.6040008979571475
0.48399890249681976
0.674003006795903
0.6434996746039124
0.543100809295217
0.48970183741079953
0.6510982968292589
0.6073977156514384
0.5016995426314226
0.6329962970605508
0.5951936616923771
0.4929966145201485
0.5470985326563885
0.5540939816463001
0.5948875399375512
0.36500143990603195
0.7200029024877495
0.5111983873052443
0.2920038730070907
0.66149509865057
0.6324928968415038
0.6242979040863853
0.5224999489797075
0.4672007546468149
0.49810317890435624
0.5460962673554028
0.8841998090707277
0.5758943857270165
0.5387969641792195
0.4870964011419475
0.803501579361498
0.5489012496570302
0.7147013272078748
0.4616973657656105
0.6018036240280634
0.7757918916283637
0.5765927968417305
0.6801957365176042
0.6236969984195048
0.6717014247133226
0.1998000004535137
0.6574973752893984
0.6444996723363439
0.5712934891304101
0.7943972916161188
0.44239355466314134
0.7399008165514364
0.7068986238126445
0.701896367581933
0.6859984444479718
0.6832002648520071
0.7662998496602048
0.6343976544270875
0.6943045480622493
0.5446994451259748
0.5664000761903034
0.7241956367445879
0.46460212108362564
0.5998013609946463
0.5258990342425527
0.2590969181475779
0.4066022526026018
0.694200239908753
0.6762002807249871
0.5931959337960685
0.6191936072707318
0.6559962449064741
0.6937013748268145
0.6816991344690828
0.6603998630388593
0.3651012129224197
0.7960957004632643
0.49429819887029736
0.6170961063580355
0.7982929743923484
0.4474955839102406
0.6801980040861585
0.702492738111705
0.6855993523824209
0.442203078904583
0.683599356917558
0.7335017380912968
0.6100031519202904
0.4984002303849651
0.5901959405987741
0.6310031043013508
0.5576019101997501
0.566200530157528
0.7643996272117297
0.4753027770912084
0.7905968467191684
0.6057990798206807
0.5075997560096236
0.7051004419491113
0.6677989392314303
0.4033981782354235
0.7151004192734257
0.3955977424087474
0.43079494150806913
0.591497524948923
0.5472958111206097
0.7075993024959127
0.5960984215455294
0.7146015541914871
0.709993854889218
0.7224972278974424
0.61389883469652
0.6945018265264704
0.5520962537499915
0.47999891156709396
0.44250239795374613
0.6740982446751821
0.61340450475169
0.5138967938848211
0.5687991637207171
0.3543960217777284
0.6967059031612173
0.5865905065974907
0.39539819637597196
0.5655928217849846
0.595601824032145
0.43619855737288576
0.7336037786762388
0.694302280493695
0.6541980630429409
0.6340983353779243
0.579193697973474
0.37690163967882157
0.6507967102115415
0.44299899546713045
0.7174949716667309
0.48100344443663395
0.46499894558062227
0.540801494781191
0.2879041090609772
0.6171958793744232
